0.5002092286280826
0.5025463233280214
0.5095006002601659
0.5209000510559311
0.5364655027177752
0.55582106240073
0.5785079080247226
0.6040009198208985
0.6317276705312094
0.6610877351890809
0.6914726388214782
0.7222853396503081
0.752958256718958
0.7829676164420317
0.8118479530285082
0.8392006276488431
0.8647014754143848
0.8881031286166967
0.909235952453523
0.9280049654664179
0.9443854775065156
0.9584152158900868
0.9701859924734502
0.9798348905167741
0.9875338704683275
0.9934801632399488
0.9978861616093396
1.000971702189191
1.002956044338652
1.0040505999832379
1.0044541096773796
1.0043486496617005
1.0038957138306794
1.003235288654087
1.002484115753053
1.0017360425306006
1.0010627468190179
1.000514529834862
1.0001227353168194
0.9999016844498196
0.9998508036168615
0.9999576333317816
1.0002001146648498
1.000549317364233
1.0009719326714697
1.0014325422620889
1.0018965935357165
1.002331779199947
1.0027098934009835
1.0030077760454075
1.0032087236076712
1.0033029749516928
1.0032879588259844
1.0031669139594395
1.0029505018140388
1.0026535596570831
1.0022962373352242
1.0019012074506624
1.0014924970314631
1.0010952483000464
1.0007327206267844
1.0004265296971562
1.0001941267635013
1.0000490462652094
1.0
1.0000490462652094
1.0001941267635013
1.0004265296971562
1.0007327206267844
1.0010952483000464
1.0014924970314631
1.0019012074506624
1.0022962373352242
1.0026535596570831
1.0029505018140388
1.0031669139594395
1.0032879588259844
1.0033029749516928
1.0032087236076712
1.0030077760454075
1.0027098934009835
1.002331779199947
1.0018965935357165
1.0014325422620889
1.0009719326714697
1.000549317364233
1.0002001146648498
0.9999576333317816
0.9998508036168615
0.9999016844498196
1.0001227353168194
1.000514529834862
1.0010627468190179
1.0017360425306006
1.002484115753053
1.003235288654087
1.0038957138306794
1.0043486496617005
1.0044541096773796
1.0040505999832379
1.002956044338652
1.000971702189191
0.9978861616093396
0.9934801632399488
0.9875338704683275
0.9798348905167741
0.9701859924734502
0.9584152158900868
0.9443854775065156
0.9280049654664179
0.909235952453523
0.8881031286166967
0.8647014754143848
0.8392006276488431
0.8118479530285082
0.7829676164420317
0.752958256718958
0.7222853396503081
0.6914726388214782
0.6610877351890809
0.6317276705312094
0.6040009198208985
0.5785079080247226
0.55582106240073
0.5364655027177752
0.5209000510559311
0.5095006002601659
0.5025463233280214
