frequency_Hz	Impedance_real	Impedance_imag
50000000.0	52.803	151.76
51000000.0	52.446	154.04
52000000.0	52.19	157.03
53000000.0	51.811	160.69
54000000.0	51.528	164.85
55000000.0	51.802	169.38
56000000.0	52.157	174.17
57000000.0	52.522	179.32
58000000.0	53.377	184.66
59000000.0	54.249	189.98
60000000.0	55.512	195.65
61000000.0	56.949	201.94
62000000.0	58.519	208.08
63000000.0	60.179	214.4
64000000.0	62.755	220.82
65000000.0	65.071	227.42
66000000.0	67.949	234.58
67000000.0	71.302	241.31
68000000.0	74.795	248.26
69000000.0	78.823	255.1
70000000.0	83.465	262.45
71000000.0	88.307	268.87
72000000.0	93.864	275.2
73000000.0	99.639	281.3
74000000.0	105.58	287.5
75000000.0	111.82	293.16
76000000.0	118.57	298.85
77000000.0	125.37	303.59
78000000.0	132.08	308.64
79000000.0	138.4	313.49
80000000.0	144.44	318.07
81000000.0	150.64	323.03
82000000.0	157.06	327.82
83000000.0	163.72	332.52
84000000.0	170.03	337.71
85000000.0	176.67	343.27
86000000.0	184.35	349.36
87000000.0	192.29	355.09
88000000.0	200.02	360.97
89000000.0	208.58	366.41
90000000.0	216.59	372.96
91000000.0	225.67	379.45
92000000.0	235.53	386.17
93000000.0	245.42	391.84
94000000.0	256.16	398.14
95000000.0	268.37	404.17
96000000.0	281.23	410.06
97000000.0	295.19	416.49
98000000.0	308.93	420.98
99000000.0	323.64	426.09
100000000.0	339.04	431.74
101000000.0	354.61	436.51
102000000.0	371.38	440.57
103000000.0	388.71	445.18
104000000.0	406.16	447.12
105000000.0	426.15	450.65
106000000.0	446.62	452.77
107000000.0	467.8	453.18
108000000.0	489.21	450.95
109000000.0	510.8	449.09
110000000.0	534.27	446.18
111000000.0	557.91	441.95
112000000.0	582.01	436.09
113000000.0	605.65	427.46
114000000.0	629.14	418.13
115000000.0	656.66	407.54
116000000.0	681.79	394.13
117000000.0	705.83	378.75
118000000.0	730.36	361.53
119000000.0	752.83	341.19
120000000.0	775.31	320.56
121000000.0	798.29	296.29
122000000.0	816.81	272.67
123000000.0	834.34	243.57
124000000.0	851.51	217.39
125000000.0	865.02	186.63
126000000.0	876.49	157.17
127000000.0	884.52	125.94
128000000.0	891.0	96.191
129000000.0	894.14	61.696
130000000.0	897.08	27.864
131000000.0	894.52	-3.5946
132000000.0	892.67	-35.799
133000000.0	887.2	-67.153
134000000.0	881.6	-99.435
135000000.0	872.62	-129.87
136000000.0	864.69	-155.42
137000000.0	853.69	-179.82
138000000.0	840.15	-205.61
139000000.0	825.47	-227.86
140000000.0	811.32	-249.27
141000000.0	794.84	-268.09
142000000.0	778.56	-283.31
143000000.0	760.98	-301.41
144000000.0	745.14	-317.45
145000000.0	728.93	-332.33
146000000.0	712.62	-344.89
147000000.0	695.47	-357.0
148000000.0	678.85	-367.29
149000000.0	662.72	-377.19
150000000.0	645.2	-384.83
151000000.0	628.67	-392.63
152000000.0	611.52	-398.84
153000000.0	594.87	-405.96
154000000.0	577.85	-411.64
155000000.0	561.2	-416.75
156000000.0	545.01	-421.23
157000000.0	531.35	-426.39
158000000.0	516.58	-428.47
159000000.0	501.43	-431.9
160000000.0	486.88	-433.12
161000000.0	473.71	-434.81
162000000.0	461.38	-435.33
163000000.0	448.13	-435.89
164000000.0	434.9	-434.92
165000000.0	421.63	-434.71
166000000.0	409.75	-433.7
167000000.0	397.58	-432.03
168000000.0	386.65	-430.36
169000000.0	376.25	-428.97
170000000.0	366.39	-427.51
171000000.0	356.49	-426.02
172000000.0	347.71	-424.14
173000000.0	339.13	-421.65
174000000.0	330.76	-420.74
175000000.0	322.54	-417.59
176000000.0	314.44	-415.14
177000000.0	305.26	-411.58
178000000.0	297.84	-408.67
179000000.0	290.45	-405.71
180000000.0	282.98	-402.77
181000000.0	276.15	-399.56
182000000.0	268.95	-397.06
183000000.0	262.05	-393.77
184000000.0	256.48	-391.53
185000000.0	250.55	-388.55
186000000.0	244.67	-385.83
187000000.0	239.24	-383.2
188000000.0	234.1	-379.97
189000000.0	229.17	-377.32
190000000.0	224.07	-374.82
191000000.0	219.45	-372.16
192000000.0	214.22	-369.4
193000000.0	209.86	-366.82
194000000.0	205.51	-363.94
195000000.0	201.02	-361.7
196000000.0	196.64	-358.88
197000000.0	192.06	-356.2
198000000.0	187.99	-353.37
199000000.0	184.01	-350.71
200000000.0	180.82	-347.86
201000000.0	177.31	-345.16
202000000.0	173.86	-342.35
203000000.0	170.04	-339.97
204000000.0	167.37	-337.48
205000000.0	163.77	-334.91
206000000.0	160.71	-332.13
207000000.0	157.16	-329.43
208000000.0	153.89	-326.64
209000000.0	150.9	-324.17
210000000.0	148.42	-321.22
211000000.0	145.32	-318.78
212000000.0	142.8	-316.5
213000000.0	140.51	-313.88
214000000.0	138.07	-311.21
215000000.0	135.65	-308.95
216000000.0	133.56	-306.19
217000000.0	131.42	-303.79
218000000.0	129.42	-301.32
219000000.0	127.57	-298.73
220000000.0	125.73	-296.62
221000000.0	123.7	-294.57
222000000.0	121.82	-292.36
223000000.0	119.93	-290.17
224000000.0	118.27	-288.21
225000000.0	116.39	-286.06
226000000.0	114.48	-283.88
227000000.0	112.76	-281.88
228000000.0	111.13	-280.13
229000000.0	109.49	-278.22
230000000.0	107.74	-276.41
231000000.0	105.99	-274.7
232000000.0	104.74	-272.75
233000000.0	103.35	-270.97
234000000.0	101.76	-269.11
235000000.0	100.21	-267.31
236000000.0	98.957	-265.44
237000000.0	97.601	-263.75
238000000.0	96.383	-261.71
239000000.0	94.926	-260.1
240000000.0	93.655	-258.33
241000000.0	92.223	-256.45
242000000.0	91.028	-254.56
243000000.0	89.743	-252.72
244000000.0	88.719	-251.07
245000000.0	87.393	-249.27
246000000.0	86.092	-247.57
247000000.0	84.946	-245.82
248000000.0	83.73	-244.29
249000000.0	82.535	-242.85
250000000.0	81.653	-241.0
251000000.0	80.563	-239.12
252000000.0	79.475	-237.62
253000000.0	78.791	-235.9
254000000.0	77.636	-234.28
255000000.0	76.866	-232.99
256000000.0	76.39	-231.17
257000000.0	75.255	-230.01
258000000.0	74.317	-228.71
259000000.0	73.493	-227.35
260000000.0	72.697	-225.99
261000000.0	72.096	-224.74
262000000.0	71.661	-223.36
263000000.0	70.576	-222.31
264000000.0	69.961	-221.11
265000000.0	69.4	-220.12
266000000.0	68.796	-218.83
267000000.0	67.94	-217.5
268000000.0	67.31	-216.31
269000000.0	66.216	-215.06
270000000.0	65.584	-213.54
271000000.0	64.877	-212.28
272000000.0	63.893	-210.78
273000000.0	63.306	-209.5
274000000.0	62.675	-208.11
275000000.0	61.585	-207.05
276000000.0	61.274	-205.98
277000000.0	60.893	-204.93
278000000.0	60.162	-203.75
279000000.0	59.491	-202.39
280000000.0	58.785	-201.23
281000000.0	58.037	-200.33
282000000.0	57.763	-199.1
283000000.0	57.082	-197.79
284000000.0	56.345	-196.7
285000000.0	55.75	-195.54
286000000.0	55.49	-194.62
287000000.0	54.995	-193.59
288000000.0	54.358	-192.45
289000000.0	53.946	-191.27
290000000.0	53.429	-190.25
291000000.0	52.941	-189.14
292000000.0	52.774	-188.19
293000000.0	52.502	-187.32
294000000.0	52.019	-186.36
295000000.0	51.827	-185.47
296000000.0	51.392	-184.55
297000000.0	50.93	-183.64
298000000.0	50.507	-182.67
299000000.0	50.048	-181.69
300000000.0	49.391	-180.64
301000000.0	48.997	-179.7
302000000.0	48.551	-178.69
303000000.0	48.098	-177.85
304000000.0	47.737	-176.85
305000000.0	47.302	-175.93
306000000.0	46.857	-174.99
307000000.0	46.454	-174.01
308000000.0	46.187	-173.1
309000000.0	45.907	-172.37
310000000.0	45.59	-171.47
311000000.0	45.215	-170.71
312000000.0	44.848	-170.01
313000000.0	44.296	-169.24
314000000.0	43.968	-168.56
315000000.0	43.492	-167.7
316000000.0	43.203	-166.91
317000000.0	42.812	-166.24
318000000.0	42.453	-165.32
319000000.0	42.256	-164.43
320000000.0	42.245	-163.79
321000000.0	41.847	-163.03
322000000.0	41.537	-162.33
323000000.0	41.211	-161.44
324000000.0	40.928	-160.64
325000000.0	40.545	-159.95
326000000.0	40.022	-159.18
327000000.0	39.594	-158.33
328000000.0	39.436	-157.57
329000000.0	39.083	-156.85
330000000.0	38.585	-155.97
331000000.0	38.308	-155.22
332000000.0	38.104	-154.41
333000000.0	37.944	-153.69
334000000.0	37.686	-152.85
335000000.0	37.312	-152.05
336000000.0	37.102	-151.4
337000000.0	37.074	-150.78
338000000.0	36.776	-149.94
339000000.0	36.544	-149.26
340000000.0	36.359	-148.6
341000000.0	36.08	-147.97
342000000.0	35.99	-147.3
343000000.0	35.746	-146.63
344000000.0	35.507	-145.93
345000000.0	35.38	-145.39
346000000.0	35.17	-144.62
347000000.0	34.934	-143.98
348000000.0	34.799	-143.29
349000000.0	34.627	-142.76
350000000.0	34.442	-142.15
351000000.0	34.097	-141.54
352000000.0	33.835	-140.87
353000000.0	33.512	-140.46
354000000.0	33.297	-139.72
355000000.0	32.991	-139.29
356000000.0	32.688	-138.53
357000000.0	32.479	-137.92
358000000.0	32.298	-137.37
359000000.0	32.054	-136.76
360000000.0	31.97	-136.07
361000000.0	31.669	-135.6
362000000.0	31.519	-134.87
363000000.0	31.281	-134.45
364000000.0	31.115	-133.84
365000000.0	30.888	-133.34
366000000.0	30.746	-132.8
367000000.0	30.581	-132.2
368000000.0	30.414	-131.7
369000000.0	30.129	-131.1
370000000.0	30.007	-130.48
371000000.0	29.826	-129.88
372000000.0	29.702	-129.29
373000000.0	29.507	-128.72
374000000.0	29.274	-128.22
375000000.0	29.115	-127.6
376000000.0	28.968	-127.13
377000000.0	28.758	-126.62
378000000.0	28.543	-126.12
379000000.0	28.386	-125.6
380000000.0	28.211	-125.14
381000000.0	28.065	-124.65
382000000.0	27.857	-124.23
383000000.0	27.758	-123.82
384000000.0	27.619	-123.41
385000000.0	27.564	-122.98
386000000.0	27.532	-122.53
387000000.0	27.377	-122.06
388000000.0	27.215	-121.69
389000000.0	27.072	-121.15
390000000.0	26.882	-120.59
391000000.0	26.655	-120.07
392000000.0	26.442	-119.52
393000000.0	26.172	-119.02
394000000.0	25.979	-118.44
395000000.0	25.805	-117.82
396000000.0	25.732	-117.32
397000000.0	25.542	-116.85
398000000.0	25.435	-116.32
399000000.0	25.251	-115.89
400000000.0	24.992	-115.5
401000000.0	24.86	-115.1
402000000.0	24.668	-114.68
403000000.0	24.544	-114.24
404000000.0	24.343	-113.81
405000000.0	24.136	-113.33
406000000.0	23.995	-112.84
407000000.0	23.9	-112.27
408000000.0	23.732	-111.82
409000000.0	23.654	-111.39
410000000.0	23.413	-110.92
411000000.0	23.39	-110.41
412000000.0	23.214	-109.92
413000000.0	23.097	-109.4
414000000.0	22.958	-108.96
415000000.0	22.836	-108.51
416000000.0	22.7	-108.03
417000000.0	22.618	-107.6
418000000.0	22.428	-107.26
419000000.0	22.419	-106.93
420000000.0	22.344	-106.53
421000000.0	22.267	-106.2
422000000.0	22.137	-105.8
423000000.0	22.05	-105.3
424000000.0	21.98	-104.92
425000000.0	21.851	-104.54
426000000.0	21.762	-104.11
427000000.0	21.648	-103.81
428000000.0	21.493	-103.38
429000000.0	21.433	-102.92
430000000.0	21.34	-102.64
431000000.0	21.154	-102.32
432000000.0	20.983	-101.8
433000000.0	20.861	-101.37
434000000.0	20.606	-101.01
435000000.0	20.523	-100.61
436000000.0	20.314	-100.25
437000000.0	20.112	-99.741
438000000.0	19.995	-99.266
439000000.0	19.955	-98.997
440000000.0	19.758	-98.615
441000000.0	19.688	-98.133
442000000.0	19.582	-97.774
443000000.0	19.581	-97.42
444000000.0	19.475	-97.13
445000000.0	19.387	-96.75
446000000.0	19.285	-96.317
447000000.0	19.257	-95.976
448000000.0	19.19	-95.605
449000000.0	19.042	-95.164
450000000.0	18.918	-94.76
451000000.0	18.813	-94.341
452000000.0	18.675	-93.897
453000000.0	18.573	-93.465
454000000.0	18.45	-93.078
455000000.0	18.416	-92.723
456000000.0	18.373	-92.336
457000000.0	18.222	-91.964
458000000.0	18.151	-91.644
459000000.0	18.142	-91.32
460000000.0	18.12	-90.964
461000000.0	18.066	-90.571
462000000.0	17.921	-90.204
463000000.0	17.831	-89.837
464000000.0	17.799	-89.529
465000000.0	17.705	-89.176
466000000.0	17.555	-88.883
467000000.0	17.417	-88.52
468000000.0	17.354	-88.098
469000000.0	17.344	-87.786
470000000.0	17.25	-87.435
471000000.0	17.144	-87.005
472000000.0	17.013	-86.724
473000000.0	16.952	-86.38
474000000.0	16.872	-86.119
475000000.0	16.786	-85.864
476000000.0	16.636	-85.441
477000000.0	16.569	-85.112
478000000.0	16.519	-84.808
479000000.0	16.461	-84.443
480000000.0	16.327	-84.082
481000000.0	16.251	-83.738
482000000.0	16.066	-83.371
483000000.0	15.943	-83.089
484000000.0	15.814	-82.782
485000000.0	15.669	-82.459
486000000.0	15.522	-82.064
487000000.0	15.458	-81.733
488000000.0	15.293	-81.351
489000000.0	15.243	-81.042
490000000.0	15.146	-80.671
491000000.0	15.05	-80.296
492000000.0	14.973	-79.911
493000000.0	14.955	-79.614
494000000.0	14.876	-79.266
495000000.0	14.839	-78.892
496000000.0	14.723	-78.569
497000000.0	14.683	-78.282
498000000.0	14.643	-78.058
499000000.0	14.614	-77.894
500000000.0	14.594	-77.713
